500 1500
273 290 1 0
280 184 0 1
42 31 1 0
18 138 1 0
230 355 1 0
3 169 1 0
22 491 0 1
28 122 1 0
437 191 1 0
377 333 1 0
463 334 1 0
62 378 1 0
343 61 0 1
204 497 1 0
169 179 0 1
492 413 0 1
290 16 0 1
477 174 1 0
317 403 1 0
187 107 0 1
473 130 0 1
70 31 1 0
445 490 1 0
125 42 0 1
240 483 1 0
186 124 1 0
417 280 1 0
148 12 0 1
195 193 1 0
478 484 0 1
186 76 1 0
33 245 1 0
391 112 1 0
175 308 0 1
90 239 1 0
410 374 0 1
92 217 0 1
338 325 1 0
23 421 1 0
148 403 0 1
189 3 0 1
206 301 1 0
276 306 0 1
186 108 1 0
184 388 1 0
341 202 0 1
247 284 1 0
188 363 0 1
15 303 1 0
372 345 1 0
331 112 0 1
28 224 1 0
342 491 1 0
59 282 0 1
117 99 1 0
290 439 0 1
413 159 1 0
17 299 0 1
442 161 1 0
328 58 0 1
33 491 0 1
135 398 0 1
346 413 0 1
326 121 0 1
76 409 0 1
426 398 1 0
306 217 1 0
385 138 0 1
390 462 0 1
286 183 1 0
194 173 0 1
270 486 0 1
428 475 0 1
463 116 0 1
260 153 0 1
374 268 0 1
142 406 1 0
489 122 0 1
328 237 1 0
454 482 1 0
335 258 0 1
305 14 1 0
211 350 1 0
454 207 0 1
279 376 0 1
414 473 0 1
79 466 0 1
486 407 1 0
342 421 0 1
305 88 0 1
318 386 1 0
284 311 1 0
249 225 1 0
156 318 1 0
435 342 0 1
437 113 0 1
64 363 0 1
146 483 0 1
182 61 1 0
439 99 0 1
407 355 0 1
345 39 1 0
307 228 1 0
385 19 1 0
385 136 0 1
47 97 1 0
330 138 1 0
8 425 1 0
387 369 0 1
207 453 0 1
102 175 0 1
230 65 0 1
499 64 0 1
53 30 1 0
459 420 1 0
16 357 1 0
85 294 1 0
143 481 0 1
496 485 0 1
368 435 0 1
173 172 1 0
162 31 0 1
183 199 1 0
426 274 1 0
146 480 0 1
181 31 0 1
401 123 1 0
269 136 1 0
382 411 1 0
384 341 1 0
100 258 0 1
179 165 1 0
446 345 0 1
400 285 1 0
477 492 1 0
213 99 0 1
191 401 0 1
29 268 0 1
459 132 1 0
424 435 0 1
320 498 0 1
39 282 0 1
425 121 0 1
191 425 0 1
313 67 1 0
278 12 0 1
300 20 0 1
223 13 1 0
44 146 0 1
114 494 0 1
365 159 0 1
182 211 1 0
136 144 1 0
293 88 1 0
111 201 0 1
88 83 0 1
435 239 1 0
294 283 0 1
332 73 0 1
378 313 1 0
18 255 0 1
167 157 0 1
76 6 1 0
57 189 0 1
68 404 1 0
29 77 0 1
325 337 1 0
269 409 0 1
172 340 0 1
180 448 1 0
250 325 1 0
28 123 1 0
186 47 0 1
485 75 0 1
344 390 1 0
352 193 1 0
51 24 1 0
168 245 1 0
432 492 1 0
345 16 1 0
466 120 0 1
275 136 0 1
234 185 1 0
319 266 0 1
108 76 0 1
120 320 1 0
14 460 0 1
372 296 1 0
442 490 0 1
94 460 1 0
431 120 0 1
168 201 1 0
434 106 0 1
334 324 0 1
216 185 0 1
151 69 1 0
429 142 1 0
223 397 0 1
180 358 1 0
413 267 0 1
451 121 1 0
498 450 1 0
446 392 1 0
346 238 1 0
151 310 1 0
89 479 1 0
89 302 1 0
72 458 0 1
440 444 1 0
434 362 0 1
444 149 1 0
164 388 0 1
127 4 0 1
235 116 1 0
383 391 0 1
350 105 1 0
209 337 1 0
335 282 1 0
374 56 1 0
479 105 1 0
309 183 0 1
362 426 0 1
89 284 0 1
274 375 0 1
75 243 0 1
32 283 0 1
206 153 0 1
126 14 1 0
237 480 0 1
34 363 0 1
177 208 1 0
166 254 0 1
344 326 1 0
498 409 0 1
294 362 1 0
119 133 1 0
134 44 1 0
141 482 1 0
54 368 1 0
59 139 1 0
395 403 0 1
480 419 1 0
124 152 1 0
5 430 1 0
491 120 1 0
175 354 1 0
89 306 1 0
35 186 0 1
462 302 0 1
185 57 1 0
274 328 1 0
445 138 0 1
128 79 1 0
373 272 0 1
454 488 1 0
94 309 0 1
378 77 1 0
74 131 0 1
376 467 1 0
444 472 1 0
77 222 1 0
340 367 1 0
282 54 0 1
289 281 0 1
298 473 1 0
231 431 0 1
392 82 0 1
60 290 1 0
231 329 0 1
425 200 0 1
54 107 0 1
429 67 0 1
207 169 1 0
31 14 1 0
423 133 1 0
182 347 0 1
445 439 0 1
164 36 1 0
401 436 1 0
284 60 1 0
397 158 0 1
381 217 0 1
487 351 0 1
449 335 0 1
414 388 0 1
414 20 0 1
12 198 0 1
10 436 1 0
70 466 1 0
71 117 1 0
362 125 1 0
12 283 0 1
477 149 0 1
166 275 1 0
274 334 0 1
198 161 0 1
424 127 1 0
367 339 1 0
334 356 1 0
448 462 0 1
228 427 1 0
241 111 0 1
413 431 1 0
284 141 0 1
389 115 0 1
122 45 1 0
185 195 0 1
488 151 1 0
190 467 0 1
27 54 0 1
375 94 0 1
190 176 1 0
182 417 0 1
194 28 0 1
285 167 1 0
210 222 0 1
226 4 0 1
128 427 0 1
423 420 1 0
379 341 1 0
350 221 1 0
56 163 0 1
453 452 1 0
210 322 0 1
315 88 1 0
352 410 0 1
486 312 0 1
324 169 1 0
253 56 0 1
266 397 0 1
25 438 0 1
471 343 0 1
258 469 1 0
369 357 0 1
62 2 1 0
226 168 0 1
122 54 1 0
43 445 0 1
448 33 0 1
261 348 0 1
286 440 1 0
56 276 0 1
422 252 0 1
80 341 1 0
6 210 1 0
205 118 0 1
235 423 1 0
195 497 1 0
34 365 0 1
490 251 0 1
489 298 1 0
195 41 0 1
478 448 0 1
205 31 0 1
345 281 0 1
67 181 1 0
356 269 0 1
359 1 1 0
108 276 1 0
74 4 0 1
485 202 1 0
185 256 0 1
170 116 0 1
473 101 1 0
308 119 1 0
307 198 1 0
159 380 1 0
21 210 1 0
383 384 1 0
99 112 0 1
349 251 1 0
305 386 1 0
131 124 0 1
52 115 0 1
212 306 1 0
483 56 0 1
459 125 0 1
199 400 0 1
169 267 0 1
56 97 0 1
384 467 1 0
95 453 0 1
215 454 1 0
209 200 0 1
437 212 1 0
206 6 0 1
477 345 0 1
177 2 1 0
158 71 0 1
314 200 0 1
499 282 0 1
492 117 1 0
269 349 1 0
347 180 1 0
95 271 1 0
494 443 0 1
311 61 1 0
356 323 1 0
33 5 1 0
423 58 0 1
86 131 1 0
239 151 1 0
201 328 1 0
354 1 1 0
420 166 0 1
91 192 0 1
451 289 1 0
169 346 1 0
339 309 0 1
97 324 1 0
52 29 1 0
355 390 1 0
431 141 0 1
406 174 1 0
13 100 1 0
77 355 0 1
70 130 1 0
434 201 1 0
369 133 0 1
349 497 1 0
426 195 1 0
486 157 0 1
320 133 0 1
281 352 1 0
416 372 0 1
237 52 0 1
431 200 1 0
455 387 1 0
166 32 1 0
2 115 1 0
93 489 1 0
445 246 0 1
272 451 0 1
284 364 0 1
223 356 0 1
395 433 1 0
344 353 0 1
207 281 0 1
400 131 0 1
464 264 0 1
19 304 0 1
52 290 0 1
159 112 1 0
238 137 1 0
497 167 0 1
217 117 0 1
339 143 0 1
481 310 1 0
330 399 1 0
391 34 0 1
37 28 1 0
405 74 1 0
29 225 1 0
321 406 0 1
69 156 1 0
10 491 1 0
19 6 1 0
220 135 1 0
271 377 0 1
57 80 1 0
79 382 0 1
285 426 0 1
241 322 0 1
150 200 1 0
21 103 0 1
408 470 1 0
149 486 1 0
418 374 1 0
296 17 0 1
276 437 0 1
182 404 0 1
479 256 0 1
439 195 1 0
492 340 1 0
341 161 0 1
380 163 1 0
212 393 1 0
45 176 1 0
481 245 1 0
157 113 1 0
427 329 1 0
483 82 1 0
259 181 1 0
485 465 0 1
32 301 0 1
473 72 1 0
416 199 1 0
151 212 1 0
129 49 1 0
129 463 1 0
300 301 1 0
24 422 1 0
98 96 0 1
86 318 1 0
454 320 0 1
181 437 0 1
287 439 0 1
2 497 1 0
273 486 0 1
29 256 1 0
435 382 0 1
481 384 0 1
471 439 0 1
418 450 1 0
444 342 0 1
208 414 0 1
82 151 0 1
125 247 1 0
69 81 0 1
39 71 1 0
431 393 0 1
425 30 1 0
290 37 1 0
363 135 0 1
151 390 0 1
351 232 0 1
303 213 1 0
483 362 1 0
145 76 0 1
206 244 1 0
93 456 0 1
407 54 0 1
121 32 0 1
93 76 0 1
289 90 0 1
266 240 1 0
69 8 1 0
372 115 1 0
448 260 1 0
337 71 0 1
186 235 1 0
176 227 0 1
271 112 1 0
143 116 0 1
37 397 0 1
432 102 0 1
116 297 0 1
269 481 0 1
4 224 1 0
105 67 1 0
47 351 0 1
128 168 1 0
178 164 0 1
92 295 1 0
230 367 0 1
267 340 0 1
32 309 1 0
111 50 1 0
46 7 1 0
349 188 1 0
284 163 1 0
329 275 0 1
167 162 1 0
41 151 1 0
261 344 1 0
26 362 1 0
386 147 0 1
461 375 1 0
273 333 0 1
436 93 1 0
482 43 1 0
462 420 0 1
324 139 1 0
282 40 0 1
374 144 1 0
76 486 1 0
135 466 1 0
274 427 1 0
370 336 1 0
302 382 1 0
133 331 1 0
430 449 1 0
39 454 1 0
59 360 1 0
79 442 0 1
157 103 0 1
354 275 1 0
198 464 0 1
230 386 0 1
24 158 0 1
391 486 1 0
153 88 1 0
372 133 1 0
253 328 1 0
166 297 0 1
158 98 0 1
96 38 1 0
284 101 1 0
435 288 1 0
17 262 1 0
319 95 1 0
159 382 0 1
69 370 0 1
397 320 1 0
194 45 1 0
445 448 0 1
47 310 0 1
316 213 1 0
463 320 0 1
106 39 0 1
1 83 1 0
58 38 0 1
297 468 1 0
431 31 1 0
466 209 1 0
493 91 1 0
118 30 0 1
292 330 0 1
135 494 1 0
59 58 1 0
301 383 0 1
286 198 0 1
125 436 1 0
300 140 0 1
109 15 0 1
132 215 0 1
68 174 0 1
128 259 1 0
413 148 0 1
114 112 1 0
101 430 1 0
43 499 0 1
224 143 1 0
349 227 0 1
9 382 1 0
158 413 1 0
367 111 0 1
200 265 0 1
205 300 1 0
359 349 0 1
244 343 1 0
219 452 1 0
390 280 0 1
267 411 1 0
297 404 0 1
33 406 0 1
79 133 1 0
397 281 0 1
486 192 0 1
236 173 0 1
230 13 0 1
334 283 0 1
276 192 0 1
403 498 0 1
24 330 1 0
489 491 0 1
119 446 0 1
106 216 1 0
94 101 1 0
333 87 1 0
437 347 1 0
458 182 0 1
471 260 1 0
476 442 1 0
332 189 1 0
59 126 0 1
3 333 1 0
106 328 0 1
43 115 1 0
411 159 1 0
212 73 0 1
440 129 0 1
241 397 1 0
256 299 1 0
28 463 0 1
371 56 0 1
95 409 1 0
316 152 1 0
391 181 1 0
349 189 1 0
212 35 0 1
352 195 1 0
349 96 1 0
326 153 1 0
41 488 1 0
341 366 1 0
335 324 1 0
487 151 1 0
150 247 1 0
399 384 1 0
203 413 0 1
145 107 0 1
21 197 1 0
41 359 0 1
58 20 1 0
173 180 0 1
4 215 0 1
362 287 0 1
257 465 0 1
93 73 1 0
415 338 0 1
414 130 1 0
163 229 1 0
267 344 0 1
159 274 0 1
445 369 0 1
175 384 1 0
324 282 0 1
496 131 1 0
110 307 1 0
162 230 0 1
144 347 0 1
482 334 1 0
339 269 1 0
149 448 1 0
344 39 0 1
260 220 0 1
66 191 1 0
15 349 0 1
91 225 0 1
451 491 0 1
54 83 1 0
251 20 0 1
29 439 1 0
342 64 0 1
153 16 0 1
95 227 1 0
424 319 1 0
6 422 1 0
11 62 0 1
340 151 0 1
367 487 1 0
197 139 0 1
258 233 0 1
10 204 1 0
192 241 1 0
433 74 1 0
393 169 1 0
24 247 0 1
280 219 1 0
312 439 0 1
170 160 1 0
468 206 0 1
252 88 0 1
328 264 0 1
234 430 0 1
194 475 1 0
41 222 0 1
402 413 1 0
28 213 0 1
222 482 1 0
483 373 1 0
250 338 0 1
164 446 0 1
35 340 0 1
42 269 1 0
429 271 1 0
366 334 1 0
488 224 1 0
122 241 1 0
141 277 1 0
346 234 0 1
104 422 0 1
287 386 1 0
133 316 1 0
333 446 0 1
170 113 1 0
250 97 0 1
91 48 0 1
226 6 0 1
129 45 0 1
48 333 1 0
95 339 0 1
68 321 0 1
334 232 0 1
275 148 0 1
408 499 1 0
428 369 0 1
130 191 1 0
125 497 1 0
246 375 1 0
399 139 1 0
229 243 0 1
328 123 0 1
102 333 0 1
124 27 1 0
493 86 0 1
99 30 0 1
11 85 1 0
380 56 1 0
368 496 1 0
488 72 0 1
293 326 1 0
312 229 1 0
320 168 1 0
388 268 1 0
427 127 1 0
113 166 1 0
291 353 0 1
163 498 1 0
230 344 0 1
334 421 0 1
125 21 0 1
211 310 0 1
194 329 0 1
117 87 1 0
127 29 1 0
445 345 0 1
441 382 0 1
407 280 1 0
295 325 0 1
94 139 1 0
303 110 0 1
335 81 0 1
500 319 1 0
114 8 0 1
64 331 1 0
314 257 1 0
330 472 0 1
126 457 1 0
137 229 1 0
146 385 0 1
237 388 1 0
338 376 1 0
350 427 0 1
435 396 1 0
403 377 0 1
160 66 0 1
302 99 1 0
189 166 1 0
304 215 1 0
491 132 1 0
383 452 0 1
274 236 1 0
354 387 0 1
187 293 0 1
449 111 0 1
48 171 0 1
174 447 1 0
398 218 1 0
277 249 0 1
2 144 0 1
419 189 0 1
207 190 0 1
499 406 1 0
312 381 1 0
178 288 0 1
204 174 0 1
452 229 1 0
63 462 0 1
480 227 1 0
71 182 0 1
490 215 0 1
310 367 0 1
475 19 0 1
164 239 1 0
81 177 1 0
224 140 1 0
295 262 0 1
348 244 0 1
318 158 0 1
205 210 1 0
155 271 1 0
81 247 1 0
2 210 0 1
470 188 0 1
167 237 0 1
110 57 1 0
266 100 0 1
452 160 1 0
87 187 0 1
71 324 1 0
278 268 0 1
352 154 1 0
312 318 1 0
404 20 0 1
143 296 0 1
436 215 1 0
369 385 0 1
117 94 0 1
7 54 0 1
166 216 0 1
344 9 0 1
22 110 1 0
128 352 1 0
156 61 1 0
352 474 0 1
383 48 0 1
485 132 0 1
13 196 0 1
235 224 0 1
314 309 1 0
16 96 1 0
138 129 0 1
36 345 1 0
213 355 1 0
215 415 1 0
245 241 1 0
444 90 1 0
459 326 1 0
202 33 1 0
456 173 0 1
471 39 1 0
299 241 1 0
340 379 1 0
99 75 0 1
16 233 1 0
92 359 1 0
245 354 1 0
158 379 1 0
23 250 0 1
55 101 1 0
257 405 0 1
311 485 0 1
108 341 0 1
224 81 0 1
91 307 1 0
262 413 0 1
26 204 1 0
77 398 1 0
183 195 0 1
103 62 1 0
61 136 1 0
263 378 1 0
223 150 0 1
42 259 0 1
278 405 0 1
494 283 1 0
112 385 1 0
440 466 0 1
98 368 1 0
231 321 1 0
390 104 0 1
197 436 1 0
444 430 0 1
131 154 1 0
489 132 0 1
19 322 1 0
210 30 0 1
136 429 0 1
279 202 1 0
40 352 0 1
243 96 0 1
328 216 1 0
211 313 0 1
223 7 0 1
245 292 1 0
239 431 1 0
322 89 0 1
26 261 1 0
446 487 0 1
9 109 1 0
124 403 1 0
260 255 0 1
134 181 1 0
318 205 0 1
297 164 1 0
355 295 1 0
365 114 0 1
5 186 0 1
312 333 0 1
177 40 0 1
93 493 0 1
454 50 1 0
451 323 0 1
181 351 0 1
195 14 1 0
25 494 1 0
282 424 0 1
124 10 0 1
474 170 0 1
442 451 1 0
202 249 1 0
392 278 1 0
170 470 1 0
150 376 0 1
473 77 1 0
233 124 1 0
262 143 1 0
496 31 1 0
66 263 1 0
474 312 1 0
247 50 0 1
300 30 1 0
131 20 1 0
183 408 1 0
305 113 0 1
284 99 0 1
151 128 1 0
423 401 0 1
61 356 0 1
21 483 1 0
431 28 1 0
84 435 0 1
365 37 0 1
479 455 1 0
440 138 1 0
220 204 1 0
143 367 0 1
27 487 0 1
468 244 1 0
382 282 1 0
445 292 1 0
52 51 0 1
482 131 1 0
298 338 1 0
251 443 0 1
194 38 1 0
307 56 1 0
76 117 0 1
1 283 1 0
3 320 0 1
4 382 1 0
5 468 0 1
7 392 0 1
8 394 1 0
9 134 1 0
14 375 0 1
15 468 1 0
17 370 1 0
19 409 0 1
21 299 1 0
24 353 1 0
26 203 0 1
27 418 1 0
29 264 1 0
32 139 0 1
34 85 0 1
35 370 1 0
38 364 1 0
39 88 0 1
40 218 1 0
41 96 1 0
46 78 0 1
49 221 0 1
50 164 0 1
52 415 1 0
53 359 1 0
55 240 1 0
56 186 0 1
58 354 0 1
59 211 1 0
63 273 0 1
65 124 0 1
66 184 0 1
68 162 0 1
69 336 1 0
70 475 1 0
72 338 1 0
73 110 1 0
75 162 0 1
78 442 1 0
79 302 1 0
81 221 0 1
82 206 0 1
83 283 1 0
84 299 0 1
85 471 0 1
86 251 0 1
87 449 1 0
88 326 1 0
89 426 0 1
90 494 1 0
91 445 0 1
92 259 0 1
98 225 1 0
100 270 0 1
101 288 1 0
102 118 1 0
103 256 0 1
105 483 1 0
107 308 0 1
110 364 1 0
111 452 0 1
112 462 1 0
113 400 0 1
115 287 1 0
116 342 1 0
117 424 0 1
118 355 1 0
119 222 1 0
122 356 1 0
123 237 0 1
125 423 0 1
126 155 0 1
129 355 1 0
132 212 1 0
134 336 1 0
135 349 0 1
143 205 0 1
147 241 0 1
151 364 0 1
153 476 1 0
156 278 1 0
158 270 1 0
159 171 0 1
160 302 0 1
161 317 0 1
162 327 0 1
163 275 1 0
164 262 0 1
165 357 0 1
167 309 1 0
168 284 1 0
169 235 0 1
170 313 0 1
173 442 1 0
174 422 0 1
176 414 0 1
181 300 1 0
182 276 1 0
183 185 1 0
184 481 0 1
187 348 1 0
188 248 1 0
190 240 0 1
191 282 0 1
195 276 0 1
196 322 1 0
197 244 1 0
198 267 0 1
199 281 1 0
202 417 1 0
204 431 1 0
207 359 1 0
209 449 1 0
210 273 0 1
211 335 0 1
212 418 0 1
213 234 0 1
215 280 0 1
220 494 0 1
221 439 1 0
222 295 0 1
223 261 0 1
224 271 0 1
226 435 0 1
229 376 1 0
230 462 1 0
231 271 1 0
233 313 0 1
235 396 0 1
239 345 0 1
243 266 0 1
244 253 1 0
248 472 1 0
249 483 1 0
251 274 0 1
253 272 0 1
254 462 1 0
256 420 0 1
257 318 0 1
260 361 1 0
262 472 0 1
264 401 0 1
265 272 1 0
266 440 0 1
269 431 1 0
270 295 0 1
271 453 1 0
273 492 1 0
276 479 1 0
278 445 0 1
283 400 0 1
285 299 1 0
286 480 1 0
288 331 1 0
289 485 1 0
291 355 0 1
292 468 1 0
293 429 1 0
294 495 1 0
296 440 0 1
297 495 1 0
298 487 1 0
303 341 0 1
307 424 1 0
308 334 1 0
310 495 1 0
311 438 0 1
312 377 1 0
313 461 0 1
314 493 1 0
315 430 0 1
316 348 1 0
318 468 0 1
321 361 1 0
322 469 1 0
324 405 1 0
327 441 0 1
328 330 0 1
336 381 1 0
337 367 0 1
339 471 0 1
340 378 0 1
343 394 1 0
345 420 1 0
353 356 1 0
355 376 0 1
356 408 0 1
357 360 0 1
358 403 1 0
362 376 0 1
371 492 1 0
372 432 0 1
374 500 0 1
375 458 1 0
376 466 1 0
378 455 0 1
379 400 0 1
380 422 1 0
381 458 0 1
382 471 1 0
383 447 1 0
386 399 0 1
387 496 0 1
388 391 0 1
389 406 1 0
393 406 0 1
397 494 1 0
401 433 0 1
402 489 1 0
403 496 1 0
406 430 1 0
409 489 0 1
411 456 1 0
415 442 0 1
417 432 0 1
421 441 1 0
425 432 1 0
429 452 1 0
430 451 1 0
431 437 1 0
432 498 1 0
433 485 0 1
434 493 1 0
435 461 0 1
437 470 1 0
439 443 0 1
440 475 0 1
441 445 0 1
443 469 1 0
448 464 1 0
449 495 0 1
451 472 0 1
452 461 1 0
454 473 0 1
455 460 1 0
456 470 0 1
457 475 0 1
460 489 0 1
463 494 0 1
464 485 1 0
466 487 1 0
467 488 0 1
468 490 0 1
469 490 1 0
470 493 1 0
471 496 0 1
472 486 1 0
473 493 0 1
474 475 0 1
475 488 1 0
479 486 1 0
480 497 0 1
483 485 1 0
484 497 0 1
486 491 1 0
487 495 1 0
488 494 0 1
491 496 1 0
492 499 0 1
493 495 1 0
333 383 1 1
246 99 0 0
303 221 0 0
263 411 1 1
154 333 1 1
356 194 1 1
234 221 0 0
173 308 0 0
256 149 1 1
492 399 1 1
250 302 0 0
362 115 1 1
222 40 1 1
150 168 1 1
430 421 1 1
452 287 0 0
382 443 1 1
271 55 0 0
100 454 0 0
236 455 1 1
192 209 1 1
346 217 1 1
5 266 1 1
295 74 1 1
208 125 0 0
180 484 0 0
314 157 1 1
311 76 1 1
163 2 1 1
275 189 0 0
222 194 0 0
207 37 0 0
189 130 1 1
76 5 1 1
7 212 1 1
375 306 1 1
471 241 0 0
222 454 1 1
405 113 1 1
153 446 0 0
132 493 0 0
121 133 1 1
416 487 1 1
234 455 1 1
343 20 0 0
40 86 0 0
452 192 1 1
416 114 0 0
460 280 1 1
21 171 0 0
78 401 0 0
234 94 1 1
224 365 1 1
60 472 1 1
248 429 0 0
283 335 0 0
300 118 1 1
371 237 0 0
398 63 0 0
426 447 0 0
230 337 0 0
372 207 1 1
375 373 1 1
169 4 0 0
161 158 0 0
369 405 0 0
93 47 1 1
195 259 0 0
176 439 0 0
470 249 1 1
258 185 1 1
121 34 1 1
126 311 1 1
464 221 1 1
32 365 1 1
274 138 0 0
95 321 0 0
28 465 1 1
24 181 0 0
199 463 0 0
308 18 1 1
393 371 1 1
109 276 1 1
266 490 0 0
63 450 0 0
127 75 1 1
362 474 1 1
292 18 0 0
104 202 1 1
28 115 0 0
493 295 1 1
483 137 1 1
474 263 0 0
190 434 0 0
197 7 1 1
18 237 0 0
278 176 0 0
41 27 0 0
450 78 1 1
308 35 1 1
213 26 1 1
225 305 0 0
365 373 0 0
288 56 0 0
324 60 0 0
14 300 0 0
88 187 0 0
424 79 1 1
311 38 0 0
172 263 1 1
493 438 0 0
60 248 0 0
190 386 0 0
178 358 0 0
95 310 0 0
459 474 1 1
184 209 1 1
112 68 1 1
478 307 0 0
257 137 1 1
287 257 1 1
284 435 1 1
402 34 1 1
152 487 0 0
225 279 1 1
288 301 1 1
219 80 1 1
170 84 1 1
367 441 1 1
278 408 1 1
260 472 1 1
471 191 0 0
352 215 1 1
320 305 1 1
160 231 0 0
336 205 0 0
17 463 0 0
225 273 1 1
147 20 1 1
212 107 1 1
95 316 1 1
316 148 1 1
256 93 0 0
418 98 0 0
248 263 0 0
139 359 1 1
192 72 0 0
302 340 1 1
245 130 0 0
74 429 0 0
177 233 0 0
203 162 1 1
287 22 0 0
270 207 1 1
103 41 1 1
311 294 0 0
28 212 0 0
325 381 0 0
48 408 0 0
265 228 0 0
259 275 0 0
451 388 0 0
422 183 1 1
185 278 1 1
128 487 0 0
74 466 1 1
225 70 1 1
95 500 1 1
55 281 0 0
107 276 0 0
369 201 0 0
393 208 1 1
240 475 1 1
199 366 0 0
409 309 0 0
33 95 1 1
235 30 1 1
179 494 0 0
189 55 0 0
401 350 1 1
444 1 0 0
287 332 0 0
401 310 1 1
110 214 1 1
340 114 1 1
79 243 0 0
37 401 1 1
30 278 1 1
332 422 0 0
33 216 1 1
7 332 1 1
149 86 1 1
412 214 1 1
427 104 1 1
454 138 1 1
474 239 1 1
37 63 0 0
255 116 1 1
222 207 1 1
291 199 0 0
283 18 1 1
306 257 0 0
147 269 1 1
53 109 1 1
347 155 1 1
359 132 0 0
77 422 0 0
99 467 0 0
404 27 1 1
225 331 1 1
62 199 0 0
402 240 1 1
495 6 1 1
353 330 1 1
493 9 0 0
134 150 0 0
166 93 1 1
271 149 1 1
472 79 0 0
188 7 0 0
346 492 0 0
236 479 0 0
170 487 1 1
191 175 0 0
373 374 0 0
152 315 0 0
305 460 0 0
323 267 0 0
404 157 1 1
170 464 0 0
244 256 1 1
35 166 0 0
485 262 1 1
425 116 1 1
277 51 0 0
440 311 0 0
122 454 1 1
